pushplus_token: 123456abc ## pushplus推送token
refresh_token: 123456abc ## 阿里云网盘刷新token
bilibili_cookie: 123456abc ## B站cookie
kk_cookie: 123456abc ##夸克网盘cookie
jd_cookie: __jdu=1716361976895589223403; unpl=JF8EAMhnNSttWkhWUhsFSxdHGwhWWw4JTR4DZ29XUVlYQ1wCGQJMFhZ7XlVdWBRKEx9sZBRUWVNLVg4bACsSEXteXVdZDEsWC2tXVgQFDQ8VXURJQlZAFDNVCV9dSRZRZjJWBFtdT1xWSAYYRRMfDlAKDlhCR1FpMjVkXlh7VAQrAh0SF0laVFZbD0IfB2tuDVdeWk5VBysDKxUge21XXFsMQhUzblcEZB8MF1wHHgcZEl1LW1RZXw9LHwVobg1QWVFDVwYZBxoQIEptVw; areaId=27; ipLoc-djd=27-2376-0-0; shshshfpa=15a5ea33-1523-f676-df78-b5e35f432313-1716361995; shshshfpx=15a5ea33-1523-f676-df78-b5e35f432313-1716361995; _t=gK0KQTJ3daCViExAFWAyq643xgftdziHHU8tnnRuMi0=; DeviceSeq=66dd8f76b2d3471c891e1ac7f22e4d61; TrackID=1PwgopKacZBH3McCgFmO2Ua-9P-y6KKLCcDXzvPfIb5xL6_AD0yuj7adTBuQG35VLNFubDiqsQ2tC5BUghpUR1YnmsJLlhdxntvOslRUSRH1chm-D3J5VA7Jle45IGX-6; thor=5F42DF01F5677C9DC81CAC105E134E156449943AC6D992B0CE2583A406D80309B9BAF43593CE492507AD0411530BEAA58E85A32000BD47FEA688F2EADF594FD851A37294C21AD8B737DADDFD6711C7018CF8415A40EDCE900C051576B14FD8744CDA00589547F9D35022C979C3913E41671C9CC8C5B6CD3467E96C047E9E6DD6499C688D1FA1438F9AF02836651A1DDD; flash=2_6Y1eQWUrc7uxAzLtZuLpPl6t7Kv0y8dEcav9dyVWPK4BFTrxXEEKQB8_3I5AHCRITrbd7zAZLvgq8Q12ZTNGttjE5ZHOhsd_gvmFZtBnnAKXautVUJuHD709ICmQ8RRHzJRw61BRBhQFjt09PylTIkCFBA_UUZN4viXBfF4fH2p*; pinId=jXDTTzZZxdw9W2bs3rIitw; pin=1303957491_m; unick=%E5%A7%9C_%E5%AD%98%E5%B8%8C; ceshi3.com=201; _tp=LsGE1qew1Em8WV%2Bs7j629Q%3D%3D; _pst=1303957491_m; __jdv=76161171|baidu-pinzhuan|t_288551095_baidupinzhuan|cpc|0f3d30c8dba7459bb52f2eb5eba8ac7d_0_323f16a4fad34b078199c45199631f57|1716362015296; __jda=222648329.1716361976895589223403.1716361977.1716361977.1716361994.2; __jdc=222648329; source=PC; platform=pc; lpkLoginType=3; 3AB9D23F7A4B3CSS=jdd03WGGZ6YS5VXEEHJIH26FLRDE6GY3SG7IAUDIXLBKD46GG2V2JIGUYLRH6ZOQXIKUYFW7DPM5TYQD4I5OMIH7WIMXHMEAAAAMPT4UBEOIAAAAADQSMBAQWO3WKHYX; _gia_d=1; shshshfpb=BApXcgYIgnOpAU0Qj52QYwm2x3JTkhZLJBlR3Hrpo9xJ1Mq2gUIC2; __jdb=222648329.6.1716361976895589223403|2.1716361994; 3AB9D23F7A4B3C9B=WGGZ6YS5VXEEHJIH26FLRDE6GY3SG7IAUDIXLBKD46GG2V2JIGUYLRH6ZOQXIKUYFW7DPM5TYQD4I5OMIH7WIMXHME; cn=14 ##京东cookie
