pushplus_token: 123456abc ## pushplus推送token
refresh_token: 123456abc ## 阿里云网盘刷新token
bilibili_cookie: 123456abc ## B站cookie
kk_cookie: 123456abc ##夸克网盘cookie
jd_cookie: unpl=JF8EAK5nNSttUUtcDBNVGEBFSQpUWwkIQ0cAaWFQXV5RTlcHHAVLQBh7XlVdWBRKEx9sYhRUWVNOVw4aASsSEXteXVdZDEsWC2tXVgQFDQ8VXURJQlZAFDNVCV9dSRZRZjJWBFtdT1xWSAYYRRMfDlAKDlhCR1FpMjVkXlh7VAQrBhMUEU5dV1lZOEonBF9XNVdfUU5cACsDKxMgCQkIXlkBTBQEImMNUlxdS1cCHzIaIhM; __jdu=597041265; shshshfpa=73fca2aa-d1f3-8883-80f5-757f17cfd55d-1716536570; shshshfpx=73fca2aa-d1f3-8883-80f5-757f17cfd55d-1716536570; areaId=27; _pst=1303957491_m; unick=姜_存希; pin=1303957491_m; thor=5F42DF01F5677C9DC81CAC105E134E156449943AC6D992B0CE2583A406D80309B0C0716B5AE797108F1459E9AA1D3294BA1DD9AC91B5153DDD198A31DA70CD501C7E77B3B0B86C46382F36EB1B434D1BAC639F0CAAA432116C5912CA966260FC756EA749234C2122DE21C764AFE5D7F44933206A7F4C33DA5A1C2868DB3A840E3224BFE9D86728F5CBB38FC86E3EA862; _tp=LsGE1qew1Em8WV+s7j629Q==; pinId=jXDTTzZZxdw9W2bs3rIitw; __jdv=76161171|baidu-pinzhuan|t_288551095_baidupinzhuan|cpc|0f3d30c8dba7459bb52f2eb5eba8ac7d_0_81989f2cd3f14e19a277d82842366ac9|1716537027922; jsavif=1; ipLoc-djd=27-2376-50232-53749; flash=2_l56ADGta7t_H3axedTQLzVKItmSzYPq7-3wrliwgcDd4EZumvzrYOUMd_a-i5f3IggWA2hvDpml9cV8BXv672MYyfk3dn0VjnYbBVGCPV19aJeYjuz4SF1pQzBp6Pdn_SuQzV0Sfv3q7wDOWwjFp-zyJV3U898UBrXq1NKny4LN*; user-key=292a1b82-c1c3-4f40-8b95-6db5b8abb46b; source=PC; platform=pc; __jda=222648329.597041265.1716536522.1716536522.1716536533.1; __jdc=222648329; 3AB9D23F7A4B3CSS=jdd032IHV32HIVDYGBL3N5JFH3RGOCK72DX2PSQE45BFKNYPC5JUJQDL5URG3QGSZGPVSOM3XUVCC2PO2URZN2M53U4GQCIAAAAMPVGNNJVYAAAAAD6MZYCPCBJWHBMX; _gia_d=1; lpkLoginType=3; __jdb=222648329.22.597041265|1.1716536533; cn=14; 3AB9D23F7A4B3C9B=2IHV32HIVDYGBL3N5JFH3RGOCK72DX2PSQE45BFKNYPC5JUJQDL5URG3QGSZGPVSOM3XUVCC2PO2URZN2M53U4GQCI; shshshfpb=BApXctZCTqupACgy6I7RmNzI8HAisCWSHBlQSYl9o9xJ1Mrx-TYC2
